   1.9330666e+00   6.1407570e-01   3.3070252e-11
   2.4363176e-02   2.5497305e-01   4.2180051e-09
  -4.9360375e-02   2.6562453e-01   7.1643687e-08
   1.4244494e+00   1.5235664e-01   5.3229508e-07
  -8.0280694e-01   7.9484696e-02   2.5112838e-06
   1.2372646e+00   1.2462875e-02   8.8818976e-06
   1.1536269e+00  -6.4057031e-02   2.5730026e-05
  -1.0325266e+00  -4.7616051e-02   6.4365588e-05
   8.6184199e-01  -1.1257436e-01   1.4386364e-04
   1.5818104e-01  -2.2023840e-02   2.9406225e-04
   1.1723747e+00  -1.5728893e-01   5.5888949e-04
   2.5876160e-01  -8.8260871e-02   9.9984180e-04
  -1.2521214e+00   9.6064778e-02   1.6993937e-03
  -1.2332486e+00   1.0056269e-01   2.7640877e-03
   1.3905822e+00  -1.2686598e-01   4.3270363e-03
   3.0426288e-01  -3.2853058e-02   6.5495643e-03
   3.2114593e-01  -8.3266839e-02   9.6217365e-03
   4.0055126e-01  -7.2318682e-02   1.3761545e-02
   3.0258899e-01  -5.5284885e-02   1.9212578e-02
   7.7687909e-01   3.3643274e-01   2.6240051e-02
   1.0136469e-01   2.4424964e-01   3.5125162e-02
   3.5359171e-01   1.3195794e-01   4.6157804e-02
   1.2887924e+00   3.8045058e-01   5.9627747e-02
   7.4803588e-01   3.9202142e-01   7.5814529e-02
   4.4810748e-01   5.5906644e-01   9.4976307e-02
  -1.6500032e-01   6.1966908e-01   1.1733807e-01
   2.0093130e-01   8.1104863e-01   1.4307963e-01
   1.3430660e+00   9.6587863e-01   1.7232382e-01
   9.1030722e-01   1.2723195e+00   2.0512551e-01
   2.5204998e+00   1.5123343e+00   2.4146180e-01
   1.8829585e+00   1.6820275e+00   2.8122398e-01
   1.4375646e+00   2.0258376e+00   3.2421172e-01
   2.0062418e+00   2.2848467e+00   3.7012971e-01
   3.7574891e+00   2.5319244e+00   4.1858732e-01
   1.7675292e+00   2.9083310e+00   4.6910117e-01
   4.3661253e+00   3.2457335e+00   5.2110106e-01
   3.7674580e+00   3.4531644e+00   5.7393886e-01
   4.1984685e+00   4.0058852e+00   6.2690051e-01
   5.7979002e+00   4.2429383e+00   6.7922068e-01
   4.5328075e+00   4.6463241e+00   7.3009980e-01
   4.5976624e+00   4.9867719e+00   7.7872288e-01
   4.6214847e+00   5.2411891e+00   8.2427963e-01
   4.9678877e+00   5.5711836e+00   8.6598523e-01
   5.6312635e+00   5.9804544e+00   9.0310094e-01
   6.0877896e+00   6.3577244e+00   9.3495407e-01
   5.8653761e+00   6.2695232e+00   9.6095645e-01
   7.3192765e+00   6.6787205e+00   9.8062084e-01
   5.9368482e+00   7.0153130e+00   9.9357465e-01
   7.1858953e+00   7.1401301e+00   9.9957057e-01
   7.4568479e+00   7.1354895e+00   9.9849361e-01
   7.3623870e+00   7.0772271e+00   9.9036446e-01
   4.6994450e+00   6.9083106e+00   9.7533883e-01
   5.3623622e+00   6.6682073e+00   9.5370305e-01
   4.2043384e+00   6.5267399e+00   9.2586582e-01
   7.4980401e+00   6.4214975e+00   8.9234665e-01
   6.3012755e+00   6.0497722e+00   8.5376124e-01
   5.5753312e+00   5.8117138e+00   8.1080440e-01
   5.5863792e+00   5.6607533e+00   7.6423102e-01
   4.5595596e+00   5.2750454e+00   7.1483588e-01
   5.5680376e+00   4.9700310e+00   6.6343285e-01
   5.3232328e+00   4.6335649e+00   6.1083434e-01
   5.6615539e+00   4.3424228e+00   5.5783142e-01
   4.4302658e+00   3.8803984e+00   5.0517554e-01
   3.9335841e+00   3.5733609e+00   4.5356215e-01
   2.5508162e+00   3.2336494e+00   4.0361684e-01
   2.7494926e+00   2.9248345e+00   3.5588421e-01
   4.8729992e+00   2.5323480e+00   3.1081992e-01
   2.8368527e+00   2.1986959e+00   2.6878577e-01
   3.0863522e+00   1.6571862e+00   2.3004802e-01
   5.0138993e-01   1.6707258e+00   1.9477868e-01
   9.2871158e-01   1.3837158e+00   1.6305964e-01
   2.5361199e-02   9.6333284e-01   1.3488923e-01
   9.8437336e-01   8.6292594e-01   1.1019081e-01
   5.2052122e-01   8.1145175e-01   8.8823036e-02
   2.3661243e+00   6.1948258e-01   7.0591085e-02
  -1.8886125e-01   4.3020192e-01   5.5258620e-02
   9.8895836e-01   4.1462292e-01   4.2559760e-02
   4.3272468e-01   3.1667003e-01   3.2210718e-02
   1.5408771e+00   1.7391687e-01   2.3920671e-02
   9.2658306e-01   1.6861984e-01   1.7401506e-02
   8.7854275e-01   2.3979200e-01   1.2376184e-02
   1.3182862e+00  -5.7340990e-02   8.5855426e-03
   4.0631648e-02  -6.2255637e-02   5.7934319e-03
  -1.7742187e+00  -8.3008278e-04   3.7901743e-03
   3.0851033e-01   1.5985516e-01   2.3944202e-03
   2.0320523e-02   1.5492397e-01   1.4535319e-03
   1.2167413e-01   1.3259551e-01   8.4269158e-04
   1.1964845e+00   4.0802670e-02   4.6296925e-04
  -1.0521634e+00   1.4677653e-02   2.3861353e-04
  -7.5734181e-01   6.4556113e-02   1.1383653e-04
  -4.8592877e-01  -2.9023375e-02   4.9357838e-05
   1.1226130e-01   9.7133261e-02   1.8950733e-05
  -2.2834190e-01  -6.2418908e-02   6.1985438e-06
  -2.4101793e-01   2.8177521e-02   1.6245993e-06
  -2.1144517e+00  -3.4539261e-02   3.0696903e-07
  -4.7886145e-02  -1.3681069e-01   3.3986567e-08
  -6.1527996e-01  -2.4927706e-01   1.3320908e-09
  -9.3498159e-01  -1.7599532e-01   2.6191422e-12
   6.6731940e-01  -1.8215009e-01  -7.9355749e-15
   5.4352864e-01  -2.6033282e-01  -2.1179636e-10
  -5.3183030e-01  -1.5991570e-01  -1.1338212e-08
   3.3186606e-01  -1.6854171e-02  -1.4047032e-07
  -1.4156563e+00   3.0381384e-01  -8.8615559e-07
   1.3991883e+00   2.3075992e-01  -3.7817638e-06
   4.3730456e-01   1.8374048e-01  -1.2497247e-05
  -2.5981003e+00   1.5406498e-01  -3.4468407e-05
   5.2927865e-01   1.5586176e-01  -8.3073690e-05
  -1.7785316e-01   1.7110623e-01  -1.8032441e-04
   9.0669593e-02   9.0673584e-02  -3.5997860e-04
   1.7151108e+00  -1.0429414e-01  -6.7093492e-04
  -6.0929357e-02  -2.6126211e-01  -1.1807151e-03
   4.7987321e-01  -2.1245838e-01  -1.9788042e-03
  -2.3843221e+00  -1.0992346e-01  -3.1795904e-03
  -8.6395970e-01   6.5494381e-02  -4.9246343e-03
  -7.0723350e-01  -1.3745662e-01  -7.3839981e-03
  -4.9028000e-01  -4.5964884e-02  -1.0756388e-02
   1.4004324e+00  -3.5499492e-01  -1.5267897e-02
   6.3601919e-01  -2.8529740e-01  -2.1169182e-02
   1.7613963e-01  -1.3478942e-01  -2.8730994e-02
   1.2945418e+00  -1.9158219e-01  -3.8238015e-02
  -8.4929381e-01  -4.1423772e-01  -4.9981099e-02
  -8.8573927e-01  -5.6063334e-01  -6.4248029e-02
   7.6163441e-01  -7.1340916e-01  -8.1313061e-02
  -1.7687766e-01  -6.9461611e-01  -1.0142554e-01
   9.9115492e-01  -7.2396726e-01  -1.2479799e-01
  -2.1129588e+00  -9.5841445e-01  -1.5159411e-01
  -4.0941828e-01  -1.2275780e+00  -1.8191722e-01
  -9.4792260e-01  -1.3517945e+00  -2.1579950e-01
  -1.6495373e+00  -1.5397234e+00  -2.5319273e-01
  -1.3409685e+00  -1.9707716e+00  -2.9396086e-01
  -3.1553404e+00  -2.0075173e+00  -3.3787491e-01
  -6.3012275e-01  -2.2488233e+00  -3.8461050e-01
  -2.2754338e+00  -2.7266158e+00  -4.3374838e-01
  -1.6271327e+00  -3.0338085e+00  -4.8477803e-01
  -2.9052747e+00  -3.2872356e+00  -5.3710446e-01
  -3.8302056e+00  -3.6952152e+00  -5.9005810e-01
  -5.4633594e+00  -4.0788010e+00  -6.4290766e-01
  -1.7748781e+00  -4.4188571e+00  -6.9487548e-01
  -5.9099528e+00  -4.7048759e+00  -7.4515526e-01
  -6.3690108e+00  -4.9977610e+00  -7.9293126e-01
  -4.9421433e+00  -5.3029597e+00  -8.3739873e-01
  -6.4016292e+00  -5.8728912e+00  -8.7778469e-01
  -4.9118000e+00  -6.1132295e+00  -9.1336843e-01
  -7.2396125e+00  -6.4361441e+00  -9.4350107e-01
  -5.6977210e+00  -6.6714197e+00  -9.6762349e-01
  -6.5932094e+00  -6.6947587e+00  -9.8528199e-01
  -6.8144145e+00  -6.6887913e+00  -9.9614109e-01
  -7.6351620e+00  -6.7817806e+00  -9.9999311e-01
  -6.5474373e+00  -6.8514454e+00  -9.9676416e-01
  -7.2110271e+00  -6.9242101e+00  -9.8651618e-01
  -6.0186423e+00  -6.7890332e+00  -9.6944525e-01
  -7.3282020e+00  -6.8221275e+00  -9.4587592e-01
  -6.2163766e+00  -6.4802996e+00  -9.1625194e-01
  -6.8325270e+00  -6.1212460e+00  -8.8112374e-01
  -6.3254741e+00  -6.0222444e+00  -8.4113296e-01
  -4.8697269e+00  -5.8165062e+00  -7.9699476e-01
  -1.7260859e+00  -5.4278321e+00  -7.4947833e-01
  -7.5463745e+00  -5.0271941e+00  -6.9938645e-01
  -4.7567970e+00  -4.8463821e+00  -6.4753472e-01
  -5.1736812e+00  -4.5755456e+00  -5.9473108e-01
  -5.0210069e+00  -4.1929657e+00  -5.4175644e-01
  -4.1691012e+00  -3.9903591e+00  -4.8934683e-01
  -3.6895920e+00  -3.6271478e+00  -4.3817782e-01
  -3.4833928e+00  -3.4255667e+00  -3.8885141e-01
  -3.0615544e+00  -2.9268030e+00  -3.4188589e-01
  -4.0192884e+00  -2.5586742e+00  -2.9770875e-01
  -2.3314711e+00  -2.1939644e+00  -2.5665278e-01
  -3.2889367e+00  -1.9526568e+00  -2.1895532e-01
  -3.6560111e+00  -1.6671598e+00  -1.8476044e-01
  -3.5530613e+00  -1.5559330e+00  -1.5412383e-01
  -1.3830833e+00  -1.1904884e+00  -1.2702005e-01
   2.0384422e+00  -9.5106221e-01  -1.0335165e-01
  -3.1524240e-01  -7.2082823e-01  -8.2959772e-02
  -2.3437080e+00  -6.0917259e-01  -6.5635729e-02
   5.5584196e-01  -3.5261903e-01  -5.1132935e-02
  -2.3898618e+00  -2.6823591e-01  -3.9178862e-02
   6.8267708e-02  -1.6864129e-01  -2.9486482e-02
  -1.0524270e-01   5.2800232e-02  -2.1764824e-02
  -8.8551898e-01  -9.7817867e-02  -1.5728323e-02
  -5.3566624e-01  -1.1816567e-01  -1.1104731e-02
   2.1446591e+00   2.1944977e-02  -7.6414158e-03
  -1.6812672e-01  -1.2954428e-01  -5.1099818e-03
  -1.9165577e+00  -9.7643408e-02  -3.3092373e-03
  -6.0214034e-01  -3.8513055e-02  -2.0665820e-03
   1.1433435e+00  -8.4712872e-02  -1.2379814e-03
  -8.1193228e-01   2.1116810e-02  -7.0673175e-04
  -3.4847370e-01   9.5982189e-02  -3.8126349e-04
   8.0292931e-02  -1.4602514e-02  -1.9224947e-04
  -4.1975514e-01  -1.0912997e-01  -8.9289309e-05
  -3.9206139e-01  -1.0637298e-01  -3.7429733e-05
   1.8673294e+00  -6.5320497e-02  -1.3754518e-05
  -5.5630689e-01   4.4482140e-02  -4.2394445e-06
   8.6800240e-01   1.1634278e-01  -1.0203250e-06
   1.6590907e-01   1.5354098e-01  -1.6877628e-07
   7.7410154e-01  -5.7538815e-02  -1.4738486e-08
  -1.0546957e+00   7.6800243e-03  -3.3467466e-10
  -3.3880413e-01   1.9106435e-01  -4.7158175e-14
  -8.2507926e-01   1.7900921e-01   1.0154208e-12
  -9.0756342e-02   2.3022695e-01   9.1719021e-10
   1.0810005e+00   6.2027061e-02   2.6946915e-08
   1.7649104e+00   7.5926924e-03   2.5945194e-07
   1.2891783e-01   1.8733078e-01   1.4242032e-06
  -4.1037962e-01   3.4170124e-01   5.5641290e-06
  -9.3448165e-01   8.7195537e-02   1.7296228e-05
   5.0885069e-01  -8.0339360e-02   4.5607562e-05
   6.8042819e-01  -8.1026468e-02   1.0619429e-04
  -7.1359567e-01  -9.1555533e-03   2.2429267e-04
  -8.6561596e-01  -4.7554963e-02   4.3789560e-04
  -2.8642803e-01   1.4178844e-05   8.0119571e-04
  -3.0284524e+00   8.7593913e-02   1.3880504e-03
  -1.0365006e+00   2.3476311e-01   2.2952289e-03
  -1.6225234e+00   2.1297468e-01   3.6451764e-03
  -9.9441826e-01   1.9207615e-01   5.5880263e-03
   2.2843580e-01   3.5916653e-01   8.3025929e-03
  -4.3557830e-01   2.3154330e-01   1.1996109e-02
   2.6476779e-01   1.3671797e-01   1.6902507e-02
  -3.6689363e-02   1.5221540e-01   2.3279103e-02
  -1.0181082e+00   5.2659332e-02   3.1401609e-02
   4.8070452e-01   2.1498747e-01   4.1557476e-02
   1.9445840e+00   2.1229654e-01   5.4037664e-02
   1.6758922e+00   3.5051820e-01   6.9127000e-02
   1.9528694e+00   4.1038485e-01   8.7093403e-02
   1.0645933e+00   6.0957357e-01   1.0817630e-01
   6.9410063e-01   6.4122315e-01   1.3257463e-01
   6.6520501e-01   1.0701772e+00   1.6043495e-01
   2.0114302e+00   1.2147097e+00   1.9184002e-01
   1.1272994e+00   1.4716285e+00   2.2679848e-01
   2.2113272e+00   1.6940706e+00   2.6523612e-01
   6.7353808e-01   1.9221136e+00   3.0698906e-01
   2.1497522e+00   2.3062868e+00   3.5179945e-01
   3.4434941e+00   2.5576658e+00   3.9931387e-01
   3.7669867e+00   2.6720359e+00   4.4908482e-01
   3.1772347e+00   3.1051071e+00   5.0057522e-01
   1.5113413e+00   3.5840979e+00   5.5316624e-01
   3.4494987e+00   4.1063550e+00   6.0616806e-01
   2.4648363e+00   4.1319007e+00   6.5883354e-01
   4.3120051e+00   4.6795332e+00   7.1037439e-01
   4.9908418e+00   4.9943020e+00   7.5997932e-01
   5.3593276e+00   5.2234668e+00   8.0683375e-01
   5.4850275e+00   5.5362105e+00   8.5014038e-01
   6.1676607e+00   6.0401451e+00   8.8913998e-01
   7.2184029e+00   6.3914456e+00   9.2313167e-01
   6.2207716e+00   6.5359739e+00   9.5149205e-01
   5.3680629e+00   6.7470021e+00   9.7369251e-01
   7.2886268e+00   6.8231131e+00   9.8931405e-01
   6.2146336e+00   6.9604401e+00   9.9805921e-01
   6.9680120e+00   7.0021674e+00   9.9976050e-01
   6.0852602e+00   6.8657693e+00   9.9438528e-01
   7.9340498e+00   6.8266410e+00   9.8203664e-01
   8.1509524e+00   6.8561477e+00   9.6295046e-01
   7.1922696e+00   6.7973374e+00   9.3748866e-01
   7.0031918e+00   6.5732910e+00   9.0612889e-01
   6.8418898e+00   6.4604357e+00   8.6945106e-01
   6.4266679e+00   6.2310493e+00   8.2812113e-01
   5.9149900e+00   5.6465001e+00   7.8287278e-01
   4.9814714e+00   5.4072503e+00   7.3448761e-01
   3.9030061e+00   5.0921608e+00   6.8377450e-01
   4.2917524e+00   4.6891686e+00   6.3154884e-01
   5.1493098e+00   4.3469070e+00   5.7861235e-01
   5.3935660e+00   4.0701663e+00   5.2573408e-01
   3.6345400e+00   3.7936536e+00   4.7363325e-01
   3.8869998e+00   3.5306765e+00   4.2296431e-01
   2.5876529e+00   2.9765699e+00   3.7430475e-01
   1.6901100e+00   2.5411936e+00   3.2814585e-01
   2.2783941e+00   2.3972892e+00   2.8488661e-01
   1.8837949e+00   2.1568026e+00   2.4483072e-01
   2.5040434e+00   1.9499210e+00   2.0818684e-01
   2.7477910e+00   1.4932601e+00   1.7507152e-01
  -6.6173850e-02   1.3163175e+00   1.4551493e-01
   1.4550110e+00   9.3672869e-01   1.1946870e-01
   4.1623936e-01   7.3700485e-01   9.6815542e-02
   1.0355349e+00   7.1574479e-01   7.7380208e-02
   1.0115223e+00   6.7643974e-01   6.0941207e-02
   3.2425205e-01   6.4944092e-01   4.7242824e-02
   5.8564988e-01   4.6487134e-01   3.6006947e-02
  -6.2678847e-01   3.4001903e-01   2.6944281e-02
  -2.9875987e-01   3.0873051e-01   1.9764572e-02
   2.8717055e+00   1.0285190e-01   1.4185539e-02
  -2.1933304e+00  -1.7434003e-02   9.9403050e-03
  -8.9586761e-01  -1.4143199e-02   6.7831932e-03
   4.9405527e-01   1.8951417e-01   4.4938385e-03
  -2.1524653e-01   1.3243163e-01   2.8796610e-03
  -1.6768945e+00   6.6602987e-02   1.7768062e-03
   1.1674274e+00  -2.8784690e-02   1.0497267e-03
  -8.0627046e-01  -1.3235563e-01   5.8962810e-04
   1.8560672e-01  -1.3961729e-02   3.1203223e-04
   9.1647185e-01   7.1921521e-02   1.5372798e-04
   2.4450188e+00   3.2625948e-03   6.9379371e-05
   8.8930327e-01  -1.1956753e-02   2.8043808e-05
   2.4742351e-01  -1.9438330e-02   9.8239733e-06
   3.5259460e-01  -1.5504436e-01   2.8350267e-06
  -1.6320854e+00  -1.0710642e-01   6.1949893e-07
  -2.4231822e+00  -2.5679169e-02   8.7684846e-08
   9.9120993e-01   2.5614346e-02   5.7018764e-09
   4.5414877e-01  -4.9001104e-02   5.9719228e-11
  -7.1609451e-01   7.2689609e-03   1.3673617e-18
  -1.1779803e+00   1.2261410e-02  -1.7339945e-11
   9.8876739e-01   7.4849393e-02  -3.0780767e-09
  -4.5422183e-01   3.4505254e-02  -5.8183325e-08
  -1.6934833e+00   2.1599923e-01  -4.5580614e-07
   1.1048392e+00   2.5169493e-01  -2.2196360e-06
   1.5612194e+00   2.3850776e-01  -8.0178945e-06
   7.0893569e-01  -1.3197346e-01  -2.3580526e-05
  -9.3700225e-02  -6.2319312e-02  -5.9662311e-05
  -1.6846451e+00  -1.0409324e-01  -1.3453941e-04
   2.6836371e-01  -1.4966049e-01  -2.7697134e-04
   4.3950899e-01  -7.0715992e-02  -5.2950540e-04
  -1.1817674e+00   3.9486070e-02  -9.5194999e-04
   5.4430037e-01   1.2559414e-02  -1.6248001e-03
   1.4736245e+00  -8.5608262e-02  -2.6523662e-03
  -4.6420873e-01   3.0461307e-02  -4.1653387e-03
   6.5130004e-01   2.3170127e-03  -6.3225167e-03
  -1.8837014e+00  -9.6879153e-02  -9.3114440e-03
  -2.6276760e-02  -5.2205286e-02  -1.3347722e-02
   1.3122843e+00  -2.1250718e-01  -1.8672817e-02
  -2.6334029e-01  -1.4326369e-01  -2.5550243e-02
  -4.4459560e-02  -1.3457779e-01  -3.4260058e-02
  -1.8481146e+00  -2.8615275e-01  -4.5091721e-02
   6.1082104e-02  -3.9011137e-01  -5.8335403e-02
  -1.4076768e+00  -5.5350138e-01  -7.4271979e-02
   1.2835150e-01  -4.6750492e-01  -9.3161957e-02
  -2.6160615e+00  -5.6486138e-01  -1.1523373e-01
   6.4846313e-01  -8.2987619e-01  -1.4067158e-01
  -2.8744486e+00  -9.7463284e-01  -1.6960381e-01
  -8.8529608e-01  -1.1058756e+00  -2.0209169e-01
  -2.8523505e+00  -1.2810983e+00  -2.3811953e-01
  -1.7080284e+00  -1.5215223e+00  -2.7758647e-01
  -3.5177639e+00  -1.8375075e+00  -3.2030041e-01
  -4.2243234e+00  -2.1466524e+00  -3.6597447e-01
  -2.1409892e+00  -2.4912671e+00  -4.1422635e-01
  -1.6302382e+00  -2.8652972e+00  -4.6458069e-01
  -3.2753316e+00  -3.2805201e+00  -5.1647459e-01
  -1.8863899e+00  -3.6131903e+00  -5.6926637e-01
  -4.3256904e+00  -4.0312357e+00  -6.2224722e-01
  -2.4336535e+00  -4.5213898e+00  -6.7465569e-01
  -4.1024217e+00  -4.7289515e+00  -7.2569447e-01
  -4.5020439e+00  -4.9314170e+00  -7.7454915e-01
  -5.3033754e+00  -5.4056324e+00  -8.2040819e-01
  -3.4416876e+00  -5.6547601e+00  -8.6248370e-01
  -5.9159892e+00  -5.9067623e+00  -9.0003205e-01
  -5.4833583e+00  -6.2173350e+00  -9.3237397e-01
  -7.7641077e+00  -6.4938919e+00  -9.5891315e-01
  -7.1949673e+00  -6.7482921e+00  -9.7915284e-01
  -7.2747891e+00  -6.9563967e+00  -9.9270989e-01
  -7.9268401e+00  -6.9701506e+00  -9.9932560e-01
  -6.0968461e+00  -7.0109996e+00  -9.9887315e-01
  -6.5644403e+00  -6.9251376e+00  -9.9136121e-01
  -6.4246477e+00  -6.8974134e+00  -9.7693374e-01
  -7.0233536e+00  -6.8649995e+00  -9.5586581e-01
  -6.5470509e+00  -6.9103422e+00  -9.2855577e-01
  -7.6637230e+00  -6.7900621e+00  -8.9551391e-01
  -5.1186824e+00  -6.2647883e+00  -8.5734811e-01
  -7.3556207e+00  -5.8276992e+00  -8.1474694e-01
  -5.9657178e+00  -5.6798101e+00  -7.6846079e-01
  -5.7772996e+00  -5.3531843e+00  -7.1928176e-01
  -5.3418029e+00  -4.9370233e+00  -6.6802289e-01
  -4.5618164e+00  -4.5190866e+00  -6.1549751e-01
  -4.9907595e+00  -4.2011707e+00  -5.6249934e-01
  -3.3064135e+00  -3.8392428e+00  -5.0978401e-01
  -3.2679192e+00  -3.3867583e+00  -4.5805250e-01
  -1.5363760e+00  -3.2769786e+00  -4.0793704e-01
  -2.5719386e+00  -2.9540245e+00  -3.5998976e-01
  -4.9055047e-01  -2.8624337e+00  -3.1467438e-01
  -3.5662063e+00  -2.5011146e+00  -2.7236109e-01
  -2.1950386e+00  -2.1009602e+00  -2.3332455e-01
  -1.1106551e+00  -1.8484938e+00  -1.9774496e-01
  -1.8763292e+00  -1.7068550e+00  -1.6571193e-01
  -2.0154805e+00  -1.3231620e+00  -1.3723083e-01
  -9.9662608e-01  -1.2363506e+00  -1.1223124e-01
  -5.8000151e-01  -1.0307500e+00  -9.0577053e-02
  -2.1684250e-01  -7.9138385e-01  -7.2077711e-02
  -5.3167710e-01  -5.2179965e-01  -5.6500044e-02
  -7.6646684e-01  -3.8908823e-01  -4.3580299e-02
  -1.2880902e+00  -2.4035133e-01  -3.3035819e-02
  -3.5705060e-01  -2.2052797e-01  -2.4575988e-02
  -6.3223165e-01  -2.1571629e-01  -1.7912096e-02
   3.2331728e-01  -2.0815107e-01  -1.2765834e-02
   9.0092114e-01   1.0513678e-02  -8.8762311e-03
   1.4208453e-01  -1.4706975e-01  -6.0049465e-03
  -1.0077098e+00  -4.7904908e-02  -3.9398723e-03
   6.2918369e-01  -4.8597284e-02  -2.4971266e-03
  -8.0146107e-02  -1.2643634e-01  -1.5215603e-03
  -2.2518086e-01   2.5470757e-02  -8.8596767e-04
   4.8973082e-01   1.1699216e-01  -4.8923682e-04
   1.5931272e+00  -9.7140028e-03  -2.5369725e-04
  -1.3931137e+00   1.3685888e-02  -1.2193875e-04
  -1.0027910e+00  -7.1831935e-02  -5.3366489e-05
  -1.8321155e-01  -2.6766541e-01  -2.0737953e-05
   2.2579109e-01  -1.1146039e-01  -6.8936029e-06
   3.3985063e-01  -8.9375408e-03  -1.8485945e-06
  -1.1150289e+00  -8.1288533e-02  -3.6173888e-07
  -7.3522494e-01  -7.7842204e-03  -4.2544873e-08
  -5.8696247e-01   8.5315058e-03  -1.8983681e-09
   1.0736365e+00  -1.9495325e-02  -6.0329564e-12
  -2.5552564e+00  -7.0771417e-02   7.2214519e-16
   1.0874685e-01  -7.4161139e-02   1.2980363e-10
  -3.9807487e-01   7.4545411e-02   8.6332966e-09
   5.9824849e-01   3.5935876e-02   1.1632843e-07
   1.1305762e+00   7.9643107e-02   7.6735875e-07
   6.2863485e-01  -4.8631233e-02   3.3669165e-06
   5.6168142e-02  -8.2312047e-02   1.1339164e-05
  -5.8768342e-01   8.9327031e-02   3.1708447e-05
   4.7685480e-02   1.9826327e-01   7.7228393e-05
   8.8324768e-01   4.1984336e-02   1.6902969e-04
  -4.1237369e-01  -7.8051974e-02   3.3970161e-04
  -9.5079829e-01  -7.1405353e-02   6.3666828e-04
   9.0460923e-01   3.1356319e-02   1.1256721e-03
   8.1452652e-01  -4.3533296e-02   1.8941367e-03
   5.1238177e-01  -1.1367737e-01   3.0541525e-03
  -9.7597019e-01  -1.2594038e-01   4.7448165e-03
  -5.3401244e-01   6.6181367e-02   7.1336544e-03
   1.1368830e-01  -4.7692848e-02   1.0416877e-02
  -1.8915064e+00  -7.1662451e-02   1.4818252e-02
  -1.8123441e+00   3.8910897e-03   2.0586429e-02
  -2.3913434e+00   8.4028975e-02   2.7990609e-02
  -2.6871458e-01   9.5747241e-02   3.7314538e-02
   1.7771063e-01   1.8495602e-01   4.8848875e-02
   3.2581080e-01   1.9198123e-01   6.2882079e-02
  -5.1719572e-01   3.9226104e-01   7.9690045e-02
   1.5783791e+00   9.0251834e-01   9.9524784e-02
   9.1642698e-01   9.7288093e-01   1.2260255e-01
   1.1435108e-01   8.2190519e-01   1.4909183e-01
   1.0745012e+00   9.7770831e-01   1.7910170e-01
   1.1982119e+00   1.1524183e+00   2.1267101e-01
   8.3125671e-01   1.5310597e+00   2.4975896e-01
   1.6815445e+00   1.6540816e+00   2.9023748e-01
   2.3374898e-01   2.0331748e+00   3.3388591e-01
   1.9922779e+00   2.4681635e+00   3.8038831e-01
   2.0088634e+00   2.6670583e+00   4.2933369e-01
   2.6675623e+00   3.1062732e+00   4.8021935e-01
   2.4395921e+00   3.4039992e+00   5.3245739e-01
   2.3705038e+00   3.7811397e+00   5.8538434e-01
   7.1899457e+00   4.1449007e+00   6.3827376e-01
   3.5223692e+00   4.4814289e+00   6.9035141e-01
   3.7546216e+00   4.9140193e+00   7.4081274e-01
   4.6673027e+00   5.1558131e+00   7.8884204e-01
   5.3752778e+00   5.4826657e+00   8.3363277e-01
   5.5847247e+00   5.8516271e+00   8.7440830e-01
   5.5172086e+00   6.0217849e+00   9.1044252e-01
   5.7207734e+00   6.2760995e+00   9.4107946e-01
   8.6581183e+00   6.6563836e+00   9.6575145e-01
   6.7292083e+00   6.7114032e+00   9.8399491e-01
   8.0500692e+00   6.8830930e+00   9.9546351e-01
   6.7355855e+00   6.9601668e+00   9.9993803e-01
   5.6275696e+00   7.0151527e+00   9.9733262e-01
   6.5974279e+00   6.9890711e+00   9.8769729e-01
   6.3742894e+00   6.7240536e+00   9.7121646e-01
   6.6230252e+00   6.6512312e+00   9.4820367e-01
   7.3266319e+00   6.4801120e+00   9.1909264e-01
   5.2120194e+00   6.3515965e+00   8.8442496e-01
   7.1871886e+00   5.9970567e+00   8.4483494e-01
   5.1989691e+00   5.8657770e+00   8.0103200e-01
   5.6103314e+00   5.4713058e+00   7.5378139e-01
   5.5352798e+00   5.1866386e+00   7.0388376e-01
   6.6164757e+00   5.0259359e+00   6.5215441e-01
   5.7966416e+00   4.5379852e+00   5.9940277e-01
   5.4106099e+00   4.2718214e+00   5.4641284e-01
   4.7264316e+00   3.9276950e+00   4.9392531e-01
   3.2782683e+00   3.4788730e+00   4.4262162e-01
   4.1146588e+00   3.1433985e+00   3.9311072e-01
   1.6517490e+00   2.8484359e+00   3.4591859e-01
   3.3137197e+00   2.4345258e+00   3.0148094e-01
   2.0715858e+00   2.1272765e+00   2.6013897e-01
   1.2358394e+00   1.8178735e+00   2.2213840e-01
   1.5680985e+00   1.6727532e+00   1.8763135e-01
   1.8274930e+00   1.2754198e+00   1.5668104e-01
   1.4875246e+00   9.9296392e-01   1.2926884e-01
   1.8703052e+00   8.4497222e-01   1.0530323e-01
   7.2769866e-01   5.8143992e-01   8.4630336e-02
  -2.0232677e-01   5.4960621e-01   6.7045359e-02
   1.0961992e+00   4.5728173e-01   5.2304576e-02
   9.6978014e-01   2.5418483e-01   4.0137278e-02
   2.9014807e-01   3.6886436e-01   3.0257275e-02
  -5.7276455e-03   8.2246744e-02   2.2373545e-02
  -6.6439557e-01   2.6517105e-01   1.6199711e-02
  -9.0721508e-02   2.7546917e-01   1.1462071e-02
   3.3034506e-01   8.5107324e-02   7.9060540e-03
   8.7953095e-01   2.8009219e-02   5.3009864e-03
  -1.3965235e+00  -6.5758643e-03   3.4432006e-03
  -1.1991673e+00  -3.7577415e-02   2.1575583e-03
   6.4513080e-01   1.4190628e-01   1.2975411e-03
   1.2003253e+00   1.2922852e-01   7.4411261e-04
  -2.4462049e-01   7.1219299e-02   4.0359607e-04
   1.4319361e+00  -1.7394930e-01   2.0483301e-04
   2.6533002e-01  -1.2773919e-01   9.5894131e-05
   3.2617334e-01  -6.8477746e-02   4.0604300e-05
  -7.4774065e-01  -5.6347691e-02   1.5117862e-05
   1.3719493e+00   4.0303738e-02   4.7435472e-06
   1.7364564e+00  -1.0570464e-01   1.1714796e-06
   6.3974695e-01   1.3593044e-01   2.0182612e-07
  -7.6107316e-01   1.6567481e-01   1.8976833e-08
   5.5955770e-01   1.5657164e-01   5.1417383e-10
   1.2641618e+00   2.0915269e-01   1.9494610e-13
   7.9528685e-01   1.0260736e-01  -3.3927263e-13
  -7.6325773e-01   1.2378820e-01  -6.1834381e-10
  -2.2904302e-02   1.4090448e-01  -2.1194782e-08
   1.0731402e+00   7.7293219e-02  -2.1837189e-07
   1.3556239e+00   8.8140253e-02  -1.2453096e-06
  -4.4179110e-01  -1.7947293e-02  -4.9859250e-06
  -2.0913004e-01  -4.4043727e-02  -1.5766232e-05
  -7.5098727e-01  -5.7897873e-03  -4.2101884e-05
   4.2182658e-01   2.2639146e-01  -9.8990580e-05
  -4.2483085e-01   2.7363958e-01  -2.1070321e-04
  -7.6492269e-01   4.0035521e-02  -4.1397204e-04
   5.2678636e-01   7.2704138e-02  -7.6142148e-04
  -1.8884833e+00  -5.1267763e-02  -1.3250405e-03
  -3.1564349e-02  -1.6950424e-01  -2.1994588e-03
   1.5705536e+00  -2.3112275e-02  -3.5047652e-03
   7.2449491e-01   3.8499744e-02  -5.3885964e-03
  -6.7253630e-01  -2.7123792e-02  -8.0272296e-03
   3.5050793e-01  -2.4929659e-01  -1.1625440e-02
  -2.8844993e+00  -3.1423719e-01  -1.6414915e-02
  -3.9429200e-01  -1.1609332e-01  -2.2651087e-02
  -1.2654600e+00  -1.2489181e-01  -3.0608290e-02
   2.6172456e-03  -2.2589207e-01  -4.0573250e-02
   4.3643193e-01  -7.4007868e-02  -5.2836984e-02
  -3.7057243e-01  -3.4513729e-01  -6.7685279e-02
   7.4202825e-01  -5.8341951e-01  -8.5388001e-02
   7.5220397e-01  -7.0277007e-01  -1.0618757e-01
  -8.1057588e-01  -8.3668910e-01  -1.3028697e-01
  -1.6468156e+00  -1.0796102e+00  -1.5783785e-01
  -5.6020533e-02  -1.0903587e+00  -1.8892901e-01
   7.9501689e-02  -1.3352106e+00  -2.2357603e-01
  -2.6991863e+00  -1.5571972e+00  -2.6171229e-01
  -2.3351035e+00  -1.9324989e+00  -3.0318201e-01
  -1.7298977e+00  -2.2197236e+00  -3.4773575e-01
  -2.8717765e+00  -2.4741316e+00  -3.9502849e-01
  -3.5062925e+00  -2.7618895e+00  -4.4462088e-01
  -4.6359995e+00  -3.0853877e+00  -4.9598349e-01
  -2.1750393e+00  -3.4781112e+00  -5.4850428e-01
  -2.0861759e+00  -3.8298486e+00  -6.0149919e-01
  -3.6361706e+00  -4.2304025e+00  -6.5422551e-01
  -4.5003230e+00  -4.6307883e+00  -7.0589788e-01
  -4.2438544e+00  -4.8913629e+00  -7.5570625e-01
  -4.9822314e+00  -5.4083947e+00  -8.0283552e-01
  -5.9018456e+00  -5.6159072e+00  -8.4648603e-01
  -5.3985821e+00  -6.0101413e+00  -8.8589437e-01
  -5.0170395e+00  -6.1559789e+00  -9.2035372e-01
  -5.0453361e+00  -6.1523880e+00  -9.4923313e-01
  -5.5826401e+00  -6.4300248e+00  -9.7199500e-01
  -5.8214456e+00  -6.5918542e+00  -9.8821015e-01
  -8.3358003e+00  -6.8147623e+00  -9.9757001e-01
  -8.2981099e+00  -6.9051461e+00  -9.9989539e-01
  -7.4144196e+00  -6.9538132e+00  -9.9514166e-01
  -5.3573004e+00  -6.9360449e+00  -9.8340002e-01
  -4.9650361e+00  -6.7256121e+00  -9.6489486e-01
  -8.5218081e+00  -6.6942221e+00  -9.3997737e-01
  -6.2162337e+00  -6.3993480e+00  -9.0911549e-01
  -7.6746399e+00  -6.2366072e+00  -8.7288072e-01
  -7.1135375e+00  -6.0222520e+00  -8.3193216e-01
  -6.7713791e+00  -5.7847569e+00  -7.8699829e-01
  -4.1478556e+00  -5.5314976e+00  -7.3885733e-01
  -6.0678549e+00  -4.9763616e+00  -6.8831657e-01
  -4.2782315e+00  -4.7675325e+00  -6.3619166e-01
  -6.3475398e+00  -4.3450521e+00  -5.8328632e-01
  -5.4885289e+00  -4.1068154e+00  -5.3037318e-01
  -2.8212035e+00  -3.6807277e+00  -4.7817650e-01
  -3.0729171e+00  -3.3736940e+00  -4.2735696e-01
  -3.8224320e+00  -3.0857542e+00  -3.7849926e-01
  -2.8863166e+00  -2.5774123e+00  -3.3210257e-01
  -1.6969849e+00  -2.2430592e+00  -2.8857417e-01
  -1.4003797e+00  -2.0967072e+00  -2.4822622e-01
  -1.1152669e+00  -1.8634609e+00  -2.1127563e-01
  -5.1559091e-01  -1.4649049e+00  -1.7784691e-01
  -6.9716902e-01  -1.2065516e+00  -1.4797754e-01
  -2.6827243e+00  -1.0723051e+00  -1.2162572e-01
  -3.8288808e-01  -9.3253414e-01  -9.8679800e-02
  -8.0926173e-01  -7.8842491e-01  -7.8969182e-02
   7.8452974e-01  -5.0479407e-01  -6.2275968e-02
  -1.3367149e+00  -4.2932292e-01  -4.8346978e-02
   1.4546601e+00  -4.1474249e-01  -3.6905612e-02
  -2.0666270e-01  -4.8900094e-01  -2.7663132e-02
  -5.7869791e-01  -3.4798749e-01  -2.0328989e-02
  -1.8141925e+00  -4.0293354e-01  -1.4619879e-02
  -2.1576807e+00  -7.9048233e-02  -1.0267309e-02
  -3.9215307e-01   8.7492712e-02  -7.0235442e-03
  -2.8030072e-01   3.1277443e-03  -4.6658664e-03
   7.0496917e-01  -1.0124635e-01  -2.9991877e-03
   2.8081447e-01  -9.1164602e-02  -1.8571203e-03
   2.4956116e-01   4.6646389e-02  -1.1016697e-03
   1.3472258e+00   1.8028938e-02  -6.2177057e-04
  -9.5836020e-01  -1.0982364e-01  -3.3091729e-04
  -1.9563050e+00  -7.3852199e-02  -1.6415753e-04
  -6.5641725e-01   2.2082664e-02  -7.4720181e-05
  -5.5066152e-01  -2.3179528e-02  -3.0532028e-05
  -6.3136285e-01   1.8711163e-01  -1.0849842e-05
  -3.1207121e-01   9.1934147e-02  -3.1937306e-06
   1.3822208e-01   6.2226743e-02  -7.1863352e-07
  -1.1277907e+00   1.0492831e-01  -1.0670533e-07
  -1.7112477e+00   1.7798736e-02  -7.6120258e-09
   9.5548730e-01   3.5322670e-02  -1.0298509e-10
  -8.0187931e-01   5.8507965e-02  -1.7501748e-16
  -4.7178232e-01   8.0601571e-02   8.5137055e-12
   5.6692065e-01   2.4222649e-02   2.2129770e-09
  -8.6642809e-01  -1.5082984e-01   4.6948854e-08
   1.1451093e-01  -1.2004489e-01   3.8891658e-07
  -2.7815415e-01  -8.2581030e-02   1.9574056e-06
   1.7478856e+00  -8.9560606e-02   7.2265529e-06
  -1.0598514e+00  -1.2663037e-02   2.1585613e-05
  -2.1482006e+00   3.5686633e-02   5.5253664e-05
  -2.1231912e+00   1.0932292e-01   1.2573106e-04
  -1.5692104e+00   1.1530942e-01   2.6072453e-04
  -1.1978699e+00   3.7567860e-02   5.0142772e-04
  -6.3512840e-01   4.4715697e-02   9.0598780e-04
   1.7718909e+00  -1.6683704e-02   1.5529447e-03
   8.3224069e-01  -1.0053707e-01   2.5443969e-03
  -5.0111593e-01  -1.1291272e-01   4.0086262e-03
   3.6530270e-01   9.1904685e-02   6.1019114e-03
   1.2461371e+00   1.2176176e-01   9.0092699e-03
  -4.4865994e-02   4.7373748e-02   1.2943895e-02
   2.7288641e-01   1.2682845e-01   1.8145104e-02
  -1.6328172e+00   2.4217691e-01   2.4874662e-02
  -1.0191126e+00   1.4727157e-01   3.3411435e-02
   7.3533338e-01   7.3118269e-02   4.4044379e-02
  -9.8318472e-01   1.9201420e-01   5.7063989e-02
  -1.5465831e+00   3.3065327e-01   7.2752389e-02
   6.4305048e-01   3.6280022e-01   9.1372349e-02
   1.8665821e+00   4.0442925e-01   1.1315558e-01
   3.4934799e-01   5.5474468e-01   1.3829071e-01
   3.8482718e-01   7.8907666e-01   1.6691146e-01
   2.0124409e+00   1.1325329e+00   1.9908542e-01
   7.0628564e-01   1.5096080e+00   2.3480404e-01
   1.7539751e+00   1.6957604e+00   2.7397425e-01
   2.5952394e+00   2.1212708e+00   3.1641215e-01
   1.3877550e+00   2.1631826e+00   3.6183931e-01
   1.2228313e+00   2.4036470e+00   4.0988178e-01
   1.9341858e+00   2.8837152e+00   4.6007221e-01
   3.4095709e+00   3.3933519e+00   5.1185514e-01
   5.4886149e+00   3.7048787e+00   5.6459538e-01
   4.0736930e+00   3.9749898e+00   6.1758951e-01
   3.3318012e+00   4.3940001e+00   6.7008006e-01
   2.9761620e+00   4.7401276e+00   7.2127217e-01
   6.6383763e+00   5.1696526e+00   7.7035213e-01
   2.9812975e+00   5.4734013e+00   8.1650734e-01
   4.1933550e+00   5.9311654e+00   8.5894696e-01
   5.0696591e+00   5.9778756e+00   8.9692267e-01
   4.5893743e+00   6.2161533e+00   9.2974874e-01
   5.2842827e+00   6.7618478e+00   9.5682084e-01
   7.4465702e+00   6.8910950e+00   9.7763286e-01
   5.9710047e+00   6.8321565e+00   9.9179114e-01
   7.5571440e+00   7.0808617e+00   9.9902565e-01
   6.8008493e+00   6.9275017e+00   9.9919776e-01
   7.5652448e+00   6.9255322e+00   9.9230416e-01
   7.9284636e+00   6.9851327e+00   9.7847698e-01
   7.2828696e+00   6.9430049e+00   9.5798002e-01
   6.1016707e+00   6.8989619e+00   9.3120114e-01
   7.5781203e+00   6.8029101e+00   8.9864132e-01
   6.5816361e+00   6.5604686e+00   8.6090049e-01
   7.0990689e+00   6.0681691e+00   8.1866082e-01
   6.5582086e+00   5.7860817e+00   7.7266808e-01
   6.4663150e+00   5.4466143e+00   7.2371149e-01
   4.6769770e+00   5.1274168e+00   6.7260311e-01
   5.5859311e+00   4.5975725e+00   6.2015703e-01
   5.0931039e+00   4.3011146e+00   5.6716949e-01
   3.6544343e+00   3.8025708e+00   5.1440016e-01
   5.1474339e+00   3.5402159e+00   4.6255545e-01
   3.6713045e+00   3.0932881e+00   4.1227415e-01
   3.3789211e+00   2.8429831e+00   3.6411581e-01
   2.0262457e+00   2.4553628e+00   3.1855222e-01
   2.5240676e+00   2.1387004e+00   2.7596191e-01
   4.2069447e+00   1.9462107e+00   2.3662799e-01
   2.9373892e+00   1.5158463e+00   2.0073885e-01
   1.4150524e+00   1.4516216e+00   1.6839187e-01
   1.1050109e+00   1.1196341e+00   1.3959952e-01
   1.6978069e+00   9.2623259e-01   1.1429768e-01
   1.6425166e+00   8.1077233e-01   9.2355602e-02
   1.3965625e+00   6.5494329e-01   7.3587049e-02
   2.4474786e+00   5.1988337e-01   5.7762125e-02
   1.2528410e+00   3.4562274e-01   4.4619294e-02
  -2.3567196e-01   5.1693144e-01   3.3877110e-02
   1.2861355e+00   3.5388515e-01   2.5245247e-02
   1.3079018e+00   2.5050057e-01   1.8434463e-02
   1.6175478e+00   2.0094384e-01   1.3165230e-02
  -1.5273149e+00   1.1095857e-01   9.1748121e-03
  -2.4923727e-01   1.5619141e-01   6.2227048e-03
   7.8732650e-01   9.7139708e-02   4.0943854e-03
  -2.6213679e-01  -1.3628456e-01   2.6034437e-03
  -2.4169228e+00  -3.8210864e-03   1.5922124e-03
  -8.2030706e-01  -1.1033846e-01   9.3108397e-04
   5.5468052e-01  -1.0189328e-01   5.1674338e-04
  -2.2805226e-01  -1.8283440e-01   2.6957626e-04
   2.8714461e-01  -2.7668944e-02   1.3052321e-04
   5.2857646e-01  -7.2811298e-03   5.7647880e-05
   1.1835199e-01   1.5399685e-01   2.2666509e-05
   1.9537853e+00   2.3958503e-01   7.6540089e-06
  -1.5295239e-01   7.1663216e-02   2.0984430e-06
  -6.7990303e-01   9.6574047e-02   4.2465713e-07
   3.6831044e-01  -1.1724971e-01   5.2884872e-08
   7.9958224e-02  -1.5081279e-02   2.6594523e-09
  -4.0728164e-01  -1.0374093e-01   1.2713043e-11
   7.6242138e-02   5.1161527e-02  -1.8326795e-17
  -5.2289748e-01   6.2538809e-03  -7.6671031e-11
   3.5995097e-02  -3.3191173e-02  -6.5011125e-09
  -7.3529314e-01   1.3815157e-02  -9.5828564e-08
   5.7644782e-02  -9.2673136e-02  -6.6244534e-07
  -5.8497869e-02  -3.0042939e-02  -2.9915356e-06
  -1.6900314e+00  -7.6632592e-02  -1.0273738e-05
   7.8911919e-01  -5.5590674e-02  -2.9138496e-05
   4.6110610e-01   1.5302747e-01  -7.1735242e-05
   6.1583945e-01   1.0956688e-01  -1.5833806e-04
  -7.0290179e-01   6.4465047e-02  -3.2039380e-04
  -1.0833981e+00  -3.0837183e-02  -6.0387927e-04
   1.5318666e-01  -3.3746131e-02  -1.0727839e-03
  -4.4235490e-01   6.0838495e-02  -1.8124930e-03
   3.8765425e-01  -7.5709450e-02  -2.9328179e-03
  -1.1186808e+00  -1.9748857e-01  -4.5704031e-03
  -1.3845936e-01  -2.8338443e-01  -6.8902398e-03
  -1.2919929e+00  -1.4428438e-01  -1.0086035e-02
   5.0362969e-01  -1.4582793e-01  -1.4379211e-02
  -4.2392515e-01  -1.1970501e-01  -2.0016374e-02
  -2.9030154e-01  -1.4896372e-01  -2.7265132e-02
   3.5793395e-01  -3.3019196e-01  -3.6408231e-02
  -7.7172298e-02  -2.5457197e-01  -4.7736068e-02
   1.4062456e-01  -3.0752005e-01  -6.1537696e-02
  -7.6200993e-01  -3.9283534e-01  -7.8090560e-02
   1.0243055e-01  -4.9815044e-01  -9.7649249e-02
  -2.1889062e+00  -5.3290442e-01  -1.2043365e-01
   1.2270580e-01  -9.3280322e-01  -1.4661694e-01
  -6.1660948e-01  -9.7022004e-01  -1.7631388e-01
  -1.5425587e+00  -1.3383516e+00  -2.0956991e-01
  -1.0613438e-01  -1.4300376e+00  -2.4635158e-01
  -2.9020160e+00  -1.6471342e+00  -2.8653877e-01
  -3.5902729e+00  -1.9330260e+00  -3.2991913e-01
  -2.0532774e+00  -2.2605407e+00  -3.7618515e-01
  -2.3884176e+00  -2.5416839e+00  -4.2493412e-01
  -2.8424155e+00  -3.0392690e+00  -4.7567122e-01
  -4.5360903e+00  -3.3792540e+00  -5.2781571e-01
  -4.2613788e+00  -3.6913233e+00  -5.8071032e-01
  -3.2050188e+00  -3.9519169e+00  -6.3363358e-01
  -5.0667596e+00  -4.4262620e+00  -6.8581479e-01
  -3.5318963e+00  -4.9589186e+00  -7.3645132e-01
  -4.6921526e+00  -5.0943192e+00  -7.8472765e-01
  -4.6180279e+00  -5.5105738e+00  -8.2983559e-01
  -5.2372020e+00  -5.7983908e+00  -8.7099504e-01
  -6.0015411e+00  -5.9027748e+00  -9.0747463e-01
  -7.0772685e+00  -6.2247968e+00  -9.3861146e-01
  -5.1970853e+00  -6.5580182e+00  -9.6382940e-01
  -8.4031464e+00  -6.7732476e+00  -9.8265512e-01
  -6.1968414e+00  -6.8119166e+00  -9.9473152e-01
  -5.9846412e+00  -6.8535401e+00  -9.9982786e-01
  -6.4956850e+00  -6.9860930e+00  -9.9784639e-01
  -6.5482740e+00  -6.9791892e+00  -9.8882515e-01
  -6.7122887e+00  -6.9824205e+00  -9.7293686e-01
  -5.0403176e+00  -6.8386196e+00  -9.5048399e-01
  -6.4173953e+00  -6.6577133e+00  -9.2189012e-01
  -7.1594583e+00  -6.3897802e+00  -8.8768791e-01
  -5.9819939e+00  -6.0462434e+00  -8.4850416e-01
  -6.7236827e+00  -5.7379745e+00  -8.0504244e-01
  -5.1954867e+00  -5.6030965e+00  -7.5806387e-01
  -4.9864381e+00  -5.2123501e+00  -7.0836684e-01
  -5.1394850e+00  -4.8067518e+00  -6.5676618e-01
  -5.8553115e+00  -4.5284611e+00  -6.0407262e-01
  -3.9637802e+00  -4.1837448e+00  -5.5107319e-01
  -4.9114204e+00  -3.7112734e+00  -4.9851303e-01
  -2.9678763e+00  -3.3722017e+00  -4.4707941e-01
  -3.5046344e+00  -2.9672677e+00  -3.9738810e-01
  -3.3858311e+00  -2.8166180e+00  -3.4997275e-01
  -2.8342123e+00  -2.5558584e+00  -3.0527723e-01
  -3.2154748e+00  -2.3647746e+00  -2.6365118e-01
  -1.5960126e+00  -2.0302278e+00  -2.2534867e-01
  -1.5061008e+00  -1.5840539e+00  -1.9052993e-01
  -2.1665413e+00  -1.4151915e+00  -1.5926578e-01
  -9.1769147e-02  -1.3393260e+00  -1.3154444e-01
  -5.1004185e-01  -1.2295720e+00  -1.0728043e-01
  -1.1765875e+00  -1.0312797e+00  -8.6324910e-02
  -2.4368617e-01  -7.7846375e-01  -6.8477098e-02
  -1.0336884e+00  -4.3665160e-01  -5.3496217e-02
  -1.8673679e+00  -2.2923727e-01  -4.1113464e-02
   4.2115222e-01  -3.5797476e-01  -3.1043570e-02
  -2.0598108e-01  -2.0501990e-01  -2.2995540e-02
   5.6793013e-01  -3.2536801e-01  -1.6682241e-02
  -1.7263686e-01  -8.1994840e-02  -1.1828573e-02
  -1.1233463e+00  -8.6700464e-02  -8.1780610e-03
   9.4982676e-01  -8.3847378e-02  -5.4977768e-03
  -9.4332172e-02  -4.5734689e-02  -3.5815893e-03
  -8.1248429e-01   2.5661722e-02  -2.2518228e-03
  -1.2199166e+00  -3.0834587e-02  -1.3594658e-03
  -3.8666034e-01  -1.7719550e-01  -7.8313271e-04
  -5.9285517e-01  -2.5801284e-03  -4.2701733e-04
  -8.4333224e-01   8.6939511e-02  -2.1810413e-04
  -6.5500603e-01   3.2300949e-02  -1.0290776e-04
   6.0047333e-01   6.1201309e-02  -4.4004513e-05
  -7.9585794e-01  -2.3636163e-02  -1.6594532e-05
  -1.4990448e+00  -3.0096134e-01  -5.2978925e-06
   1.7136665e+00  -6.3807071e-02  -1.3413630e-06
  -2.6077667e-02   9.2016287e-03  -2.4026203e-07
  -1.6489798e+00   5.8118915e-02  -2.4218410e-08
   2.4106470e-01   1.3475867e-01  -7.7053611e-10
   1.3865912e-01  -1.6580714e-02  -6.3402630e-13
   8.4701868e-02  -1.8038554e-03   9.2419317e-14
   1.2284462e-01   9.4537351e-02   4.0714788e-10
   1.5405869e+00   5.9082225e-02   1.6527974e-08
   4.5304342e-01  -1.9753288e-01   1.8298773e-07
   2.7420475e-02  -2.4230959e-01   1.0859719e-06
  -1.9397272e+00   3.5239172e-02   4.4597567e-06
  -7.3821697e-01   2.8768222e-02   1.4352938e-05
   3.4491452e-01   9.7722132e-02   3.8827598e-05
   7.0998349e-01  -7.1332722e-02   9.2204724e-05
  -1.0211157e+00   4.5050547e-02   1.9781469e-04
   1.4452266e+00  -3.4766058e-02   3.9115592e-04
   8.5844430e-01  -4.9841138e-02   7.2331172e-04
   8.8753100e-01   1.2921536e-01   1.2644281e-03
  -3.1935162e-01   2.1238615e-01   2.1070177e-03
   1.7321926e+00   2.0720940e-01   3.3688291e-03
   2.0217090e+00   2.3770900e-01   5.1950108e-03
   1.0394136e+00  -2.4128246e-02   7.7593022e-03
   2.1582706e-01   4.6227063e-02   1.1264008e-02
   5.7536075e-02   1.9526351e-01   1.5938548e-02
  -6.8619902e-01   2.3708545e-01   2.2036432e-02
   8.1058279e-01   2.4077955e-01   2.9830564e-02
  -2.1002873e-01   2.6311833e-01   3.9606882e-02
   1.8470903e+00   4.1184912e-01   5.1656389e-02
  -7.7362983e-01   4.8453202e-01   6.6265747e-02
   3.8387270e-01   5.3792744e-01   8.3706680e-02
   2.5185446e-01   3.8032103e-01   1.0422450e-01
   1.0866351e+00   7.0143160e-01   1.2802616e-01
   4.2874766e-01   6.9226520e-01   1.5526829e-01
   5.9229336e-02   1.0792217e+00   1.8604568e-01
   4.3082316e-02   1.3793655e+00   2.2038074e-01
   2.7884940e+00   1.6882772e+00   2.5821440e-01
   1.5100761e+00   1.9734020e+00   2.9939898e-01
   1.3338161e+00   2.1851058e+00   3.4369338e-01
   2.8082063e+00   2.4163861e+00   3.9076104e-01
   2.5670470e+00   2.7570167e+00   4.4017076e-01
   3.3389979e+00   3.1850273e+00   4.9140080e-01
   4.1712709e+00   3.5189474e+00   5.4384604e-01
   2.2297366e+00   3.8549726e+00   5.9682826e-01
   5.7298719e+00   4.1919548e+00   6.4960931e-01
   3.0152750e+00   4.5279688e+00   7.0140689e-01
   4.0815593e+00   4.9132141e+00   7.5141235e-01
   6.1159778e+00   5.3368038e+00   7.9881024e-01
   6.3262114e+00   5.6094008e+00   8.4279869e-01
   5.1034709e+00   5.8601275e+00   8.8261027e-01
   5.4051229e+00   5.9967481e+00   9.1753237e-01
   6.2768039e+00   6.4539822e+00   9.4692663e-01
   5.8483147e+00   6.5575769e+00   9.7024657e-01
   7.4290282e+00   6.6859059e+00   9.8705292e-01
   6.8736093e+00   6.8338786e+00   9.9702608e-01
   6.7220387e+00   6.9334131e+00   9.9997520e-01
   8.2981456e+00   6.7879405e+00   9.9584368e-01
   4.1574741e+00   6.6818915e+00   9.8471079e-01
   7.4065812e+00   6.6799543e+00   9.6678939e-01
   6.4166417e+00   6.6352754e+00   9.4241984e-01
   7.0248334e+00   6.4943735e+00   9.1206029e-01
   7.2761280e+00   6.3538495e+00   8.7627372e-01
   5.4070391e+00   6.0262563e+00   8.3571220e-01
   5.7142830e+00   5.8645094e+00   7.9109888e-01
   4.7148386e+00   5.4633588e+00   7.4320840e-01
   5.0833267e+00   5.0529925e+00   6.9284635e-01
   3.9559287e+00   4.8262389e+00   6.4082845e-01
   6.3154100e+00   4.6234662e+00   5.8796026e-01
   4.7280089e+00   4.3088824e+00   5.3501789e-01
   5.3598165e+00   3.8013989e+00   4.8273049e-01
   4.0834608e+00   3.4140742e+00   4.3176491e-01
   1.6377772e+00   3.1531474e+00   3.8271295e-01
   2.6424984e+00   2.8687317e+00   3.3608163e-01
   2.5995030e+00   2.2852997e+00   2.9228650e-01
   1.4102896e+00   1.9312694e+00   2.5164815e-01
   2.5467744e+00   1.6201466e+00   2.1439183e-01
   1.0481823e+00   1.3678397e+00   1.8064999e-01
  -3.7510898e-03   1.2250055e+00   1.5046752e-01
  -1.4210167e+00   1.1346633e+00   1.2380923e-01
   5.3260716e-01   8.8046211e-01   1.0056922e-01
   1.2873270e+00   7.9332048e-01   8.0581615e-02
   2.8867013e-01   6.7887487e-01   6.3632215e-02
   2.0388696e-01   6.9812701e-01   4.9470462e-02
   3.1731227e-03   4.8178437e-01   3.7821357e-02
  -4.7340551e-01   4.6780104e-01   2.8396800e-02
   1.5557946e-01   1.6397979e-01   2.0906019e-02
  -1.0305082e-01   3.4043859e-01   1.5064742e-02
   3.5116731e-01   1.3216210e-01   1.0602909e-02
  -1.6144361e-01   1.1408558e-01   7.2707598e-03
  -1.4274905e+00   1.2225309e-01   4.8432429e-03
  -3.4335358e+00  -7.1211763e-02   3.1227707e-03
   1.3717268e+00  -2.0735392e-02   1.9404199e-03
   1.0198567e-01   1.7488987e-02   1.1557371e-03
  -3.2400708e-01   9.5571625e-02   6.5536753e-04
   3.6617239e-01  -1.1749389e-02   3.5075452e-04
   1.0484413e+00   6.7311067e-02   1.7517822e-04
  -1.7241733e-01  -7.7475192e-02   8.0405203e-05
  -2.7086898e-01  -2.2680145e-01   3.3205324e-05
   2.0049131e-01  -1.8955429e-01   1.1965547e-05
   7.8533485e-01  -4.9497105e-02   3.5904589e-06
   1.4297406e+00   1.0894786e-01   8.3102143e-07
   1.4520170e-01  -1.4520001e-01   1.2915114e-07
   5.8974545e-01  -2.0066685e-01   1.0045809e-08
  -8.4134938e-01  -1.6101720e-01   1.7073091e-10
  -1.0765135e+00  -1.3781155e-01   2.9902004e-15
   9.5009451e-01  -1.0571116e-01  -3.8563928e-12
  -7.3573173e-04   2.3074045e-02  -1.5651596e-09
  -3.0883081e+00  -1.4421104e-02  -3.7625354e-08
   3.3752863e-01  -6.9947245e-02  -3.3060491e-07
   2.3168489e-01   6.1885554e-03  -1.7220943e-06
  -8.9858593e-02  -1.0384264e-01  -6.5027597e-06
   1.0983791e+00  -1.2450761e-01  -1.9736043e-05
   7.6183379e-01   7.6842574e-02  -5.1124401e-05
   7.1738430e-01   2.4482204e-02  -1.1741517e-04
   1.4260380e+00  -7.6968307e-02  -2.4528790e-04
  -4.6280529e-01   3.7118350e-02  -4.7460965e-04
  -3.3857495e-02   7.8728916e-02  -8.6189320e-04
  -6.1774943e-01   9.4653955e-02  -1.4837483e-03
  -5.8688494e-01   6.3284378e-02  -2.4400816e-03
  -6.2266681e-01  -1.1565498e-01  -3.8567811e-03
   6.4288107e-01  -1.2707655e-01  -5.8876110e-03
   4.9942245e-01  -2.0114932e-01  -8.7150578e-03
   8.5534930e-01  -2.3632411e-01  -1.2549892e-02
  -3.8092175e-01  -1.7122788e-01  -1.7629250e-02
  -1.3131588e+00  -2.9066192e-01  -2.4213112e-02
   9.8017496e-01  -2.8144615e-01  -3.2579092e-02
  -1.2930024e+00  -2.8544436e-01  -4.3015580e-02
  -3.8994840e-01  -2.4898641e-01  -5.5813316e-02
  -8.0423738e-01  -2.8699800e-01  -7.1255590e-02
  -1.6930870e+00  -4.3817641e-01  -8.9607338e-02
   2.5844738e-01  -6.9066269e-01  -1.1110349e-01
   5.0686340e-01  -7.6780485e-01  -1.3593696e-01
  -5.8811323e-01  -9.0815068e-01  -1.6424676e-01
  -1.0964670e-01  -1.0674903e+00  -1.9610674e-01
   5.1485185e-01  -1.2310744e+00  -2.3151542e-01
  -1.3852761e+00  -1.4862586e+00  -2.7038746e-01
  -2.1487470e+00  -1.9697921e+00  -3.1254717e-01
  -2.5330952e+00  -2.3190188e+00  -3.5772452e-01
  -3.2374042e+00  -2.4324419e+00  -4.0555394e-01
  -3.9167682e+00  -2.7438844e+00  -4.5557615e-01
  -2.8271812e+00  -3.1774551e+00  -5.0724317e-01
  -2.1640374e+00  -3.6047218e+00  -5.5992640e-01
  -2.3661473e+00  -3.9809075e+00  -6.1292792e-01
  -5.1684303e+00  -4.3863179e+00  -6.6549437e-01
  -2.4918976e+00  -4.6413735e+00  -7.1683347e-01
  -3.5660344e+00  -4.8683146e+00  -7.6613239e-01
  -3.1844295e+00  -5.2132877e+00  -8.1257760e-01
  -5.5284530e+00  -5.4631136e+00  -8.5537552e-01
  -6.3462370e+00  -5.8454122e+00  -8.9377324e-01
  -5.0529934e+00  -6.1827758e+00  -9.2707875e-01
  -7.1986783e+00  -6.3919730e+00  -9.5467983e-01
  -5.3871323e+00  -6.4869524e+00  -9.7606111e-01
  -6.1703746e+00  -6.5938073e+00  -9.9081851e-01
  -6.0808383e+00  -6.6951035e+00  -9.9867076e-01
  -6.7577339e+00  -6.7906009e+00  -9.9946741e-01
  -8.1560851e+00  -6.9083374e+00  -9.9319318e-01
  -7.5566265e+00  -6.8962973e+00  -9.7996835e-01
  -7.2554188e+00  -6.8813319e+00  -9.6004535e-01
  -8.2517226e+00  -6.6675828e+00  -9.3380154e-01
  -6.9880800e+00  -6.4717119e+00  -9.0172844e-01
  -8.9169061e+00  -6.4343688e+00  -8.6441788e-01
  -6.8734230e+00  -6.0066702e+00  -8.2254553e-01
  -5.7308152e+00  -5.6560972e+00  -7.7685233e-01
  -4.8355595e+00  -5.4316215e+00  -7.2812451e-01
  -5.2718318e+00  -5.0040501e+00  -6.7717294e-01
  -4.6237481e+00  -4.5895059e+00  -6.2481237e-01
  -5.7460773e+00  -4.2222107e+00  -5.7184136e-01
  -5.9644548e+00  -3.8202059e+00  -5.1902353e-01
  -3.2086993e+00  -3.5937318e+00  -4.6707060e-01
  -3.1278278e+00  -3.3010578e+00  -4.1662780e-01
  -3.9345564e+00  -2.8827803e+00  -3.6826208e-01
  -2.6163016e+00  -2.4917456e+00  -3.2245321e-01
  -1.5627011e+00  -2.2201067e+00  -2.7958809e-01
  -3.2348642e+00  -1.9679680e+00  -2.3995825e-01
  -1.2305066e+00  -1.6363239e+00  -2.0376031e-01
  -1.8088381e-01  -1.4961053e+00  -1.7109946e-01
  -2.3588385e+00  -1.3569730e+00  -1.4199536e-01
  -3.5238388e+00  -1.0322176e+00  -1.1639025e-01
  -1.4175181e+00  -9.7847863e-01  -9.4158829e-02
   4.0914765e-01  -6.3438704e-01  -7.5119272e-02
  -1.3082083e+00  -6.0701085e-01  -5.9045051e-02
   3.5732332e-01  -4.2536891e-01  -4.5676940e-02
  -8.8176511e-02  -7.7296090e-02  -3.4734791e-02
  -5.0354119e-01  -4.8613622e-02  -2.5928644e-02
   8.3722966e-02  -1.8957518e-01  -1.8968793e-02
  -9.9430824e-01  -1.1585979e-01  -1.3574544e-02
   1.3040900e+00   2.6219993e-02  -9.4814411e-03
   1.4055955e+00   3.0824349e-02  -6.4468435e-03
  -1.3122147e+00  -5.2667145e-02  -4.2538307e-03
   3.5405264e-01  -1.6473992e-01  -2.7134688e-03
   2.8118326e-01  -1.2279503e-01  -1.6655670e-03
   4.1843002e-01   4.3244050e-02  -9.7810186e-04
  -1.6537899e+00   8.0201169e-02  -5.4553519e-04
  -1.4371970e-01  -1.3420372e-02  -2.8628402e-04
   1.7544178e-01   1.4732008e-01  -1.3961293e-04
   1.7911317e+00  -8.3903812e-02  -6.2216980e-05
  -6.8147892e-02   7.4879336e-03  -2.4745448e-05
   1.2183572e+00  -4.4604349e-02  -8.4847452e-06
   2.1470736e+00  -1.0674183e-01  -2.3765659e-06
  -1.0781595e+00  -7.1556391e-02  -4.9670497e-07
  -3.8456379e-01  -1.7108803e-01  -6.5304668e-08
  -5.5245626e-01  -8.0695628e-02  -3.6681969e-09
   4.8689567e-01  -1.1154233e-01  -2.4932702e-11
   1.6472153e-01  -1.3307270e-01   5.0203697e-21
   5.0146730e-01  -9.3094839e-02   4.3385308e-11
   8.6694110e-01  -2.0243180e-01   4.8369356e-09
  -1.0536291e+00  -2.0425870e-01   7.8502114e-08
   1.5209301e+00  -8.7041965e-04   5.7004274e-07
   2.1083194e-01  -4.2533040e-02   2.6524658e-06
  -1.6530181e+00  -1.4100568e-01   9.2947764e-06
   6.0813496e-01   4.7025896e-02   2.6747699e-05
  -4.7055148e-01   2.0287951e-02   6.6576749e-05
  -5.3677678e-01  -1.1356058e-01   1.4822317e-04
  -3.5338203e-01   9.3766224e-02   3.0201759e-04
   1.8818863e-01   1.0584417e-01   5.7251669e-04
  -1.6053872e+00  -7.7066554e-02   1.0219833e-03
   1.4562273e-01   7.2616847e-02   1.7337883e-03
